6.378489650000000000e+08 1.949000000000000000e+15 2.689371999999999844e+03 9.475180699999999661e+02 9.716879300000000512e+02 2.677479200000000219e+02 1.379399999999999977e+02 -6.880099999999999909e+02 -6.990499999999999545e+02
6.378489660000000000e+08 9.159000000000000000e+11 2.090920000000000130e+02 9.474486699999999928e+02 9.715564600000000155e+02 2.675443399999999770e+02 -1.238369999999999891e+03 7.312899999999999636e+02 1.138089999999999918e+03
6.378489670000000000e+08 7.676000000000000000e+11 1.971370000000000005e+02 9.476112100000000282e+02 9.722393200000000206e+02 2.668904400000000123e+02 -3.473750000000000000e+03 -6.965800000000000409e+02 -2.140500000000000114e+02
6.378489680000000000e+08 4.449000000000000000e+11 1.643609999999999900e+02 9.466800500000000511e+02 9.720927100000000110e+02 2.674334099999999808e+02 -1.466690000000000055e+03 -8.658600000000000136e+02 -3.714869999999999891e+03
6.378489690000000000e+08 4.362000000000000000e+11 1.632789999999999964e+02 9.477842399999999543e+02 9.726038200000000415e+02 2.681997099999999818e+02 1.192380000000000109e+03 1.602339999999999918e+03 -2.008920000000000073e+03
6.378489730000000000e+08 1.570000000000000000e+11 1.161539999999999964e+02 9.493573599999999715e+02 9.713023100000000341e+02 2.683793600000000197e+02 -4.591299999999999955e+02 7.552799999999999727e+02 2.478369999999999891e+03
6.378489740000000000e+08 1.221000000000000000e+11 1.068199999999999932e+02 9.477316899999999578e+02 9.701790799999999990e+02 2.677565000000000168e+02 -9.723999999999999773e+02 -5.814000000000000057e+01 7.666799999999999500e+02
6.378489760000000000e+08 9.595000000000000000e+10 9.856900000000000261e+01 9.469164399999999659e+02 9.708565099999999575e+02 2.694865100000000098e+02 -6.417899999999999636e+02 7.967699999999999818e+02 1.309809999999999945e+03
6.378489770000000000e+08 8.723000000000000000e+10 9.548600000000000421e+01 9.475347299999999677e+02 9.712103299999999990e+02 2.684397000000000162e+02 -2.083000000000000114e+02 -2.755999999999999872e+01 1.632599999999999909e+03
6.378489790000000000e+08 7.851000000000000000e+10 9.219100000000000250e+01 9.488751800000000003e+02 9.715287499999999454e+02 2.691734000000000151e+02 -1.521140000000000100e+03 2.157000000000000028e+01 1.333569999999999936e+03
6.378489810000000000e+08 6.978000000000000000e+10 8.864199999999999591e+01 9.467694699999999557e+02 9.711048600000000306e+02 2.683774700000000166e+02 8.214000000000000057e+01 7.065199999999999818e+02 -1.552529999999999973e+03
6.378489830000000000e+08 5.234000000000000000e+10 8.053600000000000136e+01 9.470153199999999742e+02 9.702041600000000017e+02 2.668499499999999784e+02 5.107999999999999829e+01 7.139199999999999591e+02 2.109889999999999873e+03
6.378489840000000000e+08 4.361000000000000000e+10 7.578799999999999670e+01 9.476473999999999478e+02 9.713781699999999546e+02 2.682943999999999960e+02 1.197730000000000018e+03 1.662500000000000000e+03 -1.880289999999999964e+03
6.378489870000000000e+08 8.287000000000000000e+11 2.022319999999999993e+02 9.461409899999999880e+02 9.719950599999999667e+02 2.676746800000000235e+02 1.210269999999999982e+03 -7.610499999999999545e+02 -2.866499999999999773e+02
6.378489880000000000e+08 5.147000000000000000e+11 1.725409999999999968e+02 9.467888199999999870e+02 9.726241499999999860e+02 2.672439899999999966e+02 -3.155250000000000000e+03 -1.335210000000000036e+03 1.121000000000000000e+03
6.378489890000000000e+08 2.966000000000000000e+11 1.435819999999999936e+02 9.470372300000000223e+02 9.713992899999999509e+02 2.682431300000000078e+02 1.184690000000000055e+03 1.339779999999999973e+03 -3.360799999999999841e+02
6.378489910000000000e+08 1.832000000000000000e+11 1.222780000000000058e+02 9.479015500000000429e+02 9.723598600000000260e+02 2.691876500000000192e+02 -1.748700000000000045e+02 1.030100000000000051e+02 -2.494650000000000091e+03
6.378489920000000000e+08 2.355000000000000000e+11 1.329629999999999939e+02 9.467520799999999781e+02 9.717190600000000131e+02 2.676383400000000279e+02 1.776119999999999891e+03 -1.347650000000000091e+03 1.625099999999999909e+02
6.378489940000000000e+08 9.158000000000000000e+10 9.684499999999999886e+01 9.472722800000000234e+02 9.727293700000000172e+02 2.687628199999999765e+02 7.660800000000000409e+02 1.629199999999999875e+02 -2.295849999999999909e+03
6.378489960000000000e+08 1.265000000000000000e+11 1.081530000000000058e+02 9.482855200000000195e+02 9.722934000000000196e+02 2.670533100000000104e+02 -3.351369999999999891e+03 -6.071699999999999591e+02 -8.762000000000000455e+02
6.378489980000000000e+08 7.851000000000000000e+10 9.212800000000000011e+01 9.475380900000000111e+02 9.716699200000000474e+02 2.696174899999999752e+02 -1.031200000000000045e+02 -2.181559999999999945e+03 -6.679600000000000364e+02
6.378489990000000000e+08 8.723000000000000000e+10 9.548600000000000421e+01 9.490190999999999804e+02 9.713547399999999925e+02 2.683624899999999798e+02 -3.356800000000000068e+02 1.306029999999999973e+03 2.526949999999999818e+03
6.378490010000000000e+08 9.595000000000000000e+10 9.856900000000000261e+01 9.462451200000000426e+02 9.718559599999999818e+02 2.674762600000000248e+02 -2.201899999999999977e+02 -5.005099999999999909e+02 1.588230000000000018e+03
6.378490020000000000e+08 1.134000000000000000e+11 1.042129999999999939e+02 9.474321300000000292e+02 9.726278700000000299e+02 2.670109899999999925e+02 -1.714009999999999991e+03 -1.514130000000000109e+03 9.651999999999999602e+01
6.378490030000000000e+08 8.723000000000000000e+10 9.548600000000000421e+01 9.468319099999999935e+02 9.701571699999999510e+02 2.675917099999999778e+02 3.164399999999999977e+02 3.690500000000000114e+02 -6.921399999999999864e+02
6.378490070000000000e+08 2.617000000000000000e+10 6.392199999999999704e+01 9.464453099999999495e+02 9.725830700000000206e+02 2.672549999999999955e+02 -8.062200000000000273e+02 2.998599999999999909e+03 1.144380000000000109e+03
6.378490100000000000e+08 3.315000000000000000e+11 1.490060000000000002e+02 9.461872600000000375e+02 9.716400099999999611e+02 2.677288500000000226e+02 1.131720000000000027e+03 -5.206100000000000136e+02 -2.099600000000000080e+02
6.378490120000000000e+08 3.140000000000000000e+11 1.463439999999999941e+02 9.476691299999999956e+02 9.726345199999999522e+02 2.680937200000000189e+02 3.611999999999999886e+02 -2.377809999999999945e+03 -1.731920000000000073e+03
6.378490130000000000e+08 2.094000000000000000e+11 1.278439999999999941e+02 9.465918000000000347e+02 9.715058599999999842e+02 2.676098600000000260e+02 9.545800000000000409e+02 2.475320000000000164e+03 1.274490000000000009e+03
6.378490140000000000e+08 2.355000000000000000e+11 1.329629999999999939e+02 9.484026499999999942e+02 9.719911499999999478e+02 2.677623600000000010e+02 -7.559199999999999591e+02 -1.571589999999999918e+03 -6.017500000000000000e+02
6.378490150000000000e+08 1.570000000000000000e+11 1.161539999999999964e+02 9.480911300000000210e+02 9.715097700000000032e+02 2.681615899999999897e+02 8.039000000000000057e+01 -4.697300000000000182e+02 -5.119399999999999977e+02
6.378490160000000000e+08 1.483000000000000000e+11 1.139609999999999985e+02 9.480762300000000096e+02 9.722507900000000518e+02 2.664277999999999906e+02 -4.270600000000000023e+02 2.334409999999999854e+03 9.722300000000000182e+02
6.378490190000000000e+08 8.723000000000000000e+10 9.548600000000000421e+01 9.475236800000000130e+02 9.713815899999999601e+02 2.663673400000000129e+02 -3.051000000000000227e+02 -2.985099999999999909e+02 1.929600000000000080e+02
6.378490210000000000e+08 2.181000000000000000e+11 1.295949999999999989e+02 9.482961400000000367e+02 9.713949599999999691e+02 2.683163799999999810e+02 -4.450299999999999727e+02 -8.678700000000000045e+02 -4.685000000000000000e+02
6.378490220000000000e+08 1.745000000000000000e+11 1.203050000000000068e+02 9.461483200000000124e+02 9.710647599999999784e+02 2.677607100000000173e+02 -1.385920000000000073e+03 1.205910000000000082e+03 1.744210000000000036e+03
6.378490230000000000e+08 1.919000000000000000e+11 1.241889999999999930e+02 9.459546500000000151e+02 9.727642200000000230e+02 2.688909600000000069e+02 -1.044300000000000068e+02 6.100199999999999818e+02 -4.256299999999999955e+02
6.378490240000000000e+08 7.851000000000000000e+10 9.219100000000000250e+01 9.490584700000000566e+02 9.724114399999999705e+02 2.669469900000000280e+02 -1.579869999999999891e+03 -7.078999999999999773e+02 1.849450000000000045e+03
6.378490250000000000e+08 9.178000000000000000e+13 9.711670000000000300e+02 9.471039399999999659e+02 9.722556200000000217e+02 2.676868299999999863e+02 1.911100000000000136e+02 -3.086499999999999773e+02 -1.620440000000000055e+03
6.378490260000000000e+08 4.274000000000000000e+11 1.621839999999999975e+02 9.470133100000000468e+02 9.724633199999999533e+02 2.678018799999999828e+02 1.469150000000000091e+03 -4.867200000000000273e+02 -1.736470000000000027e+03
6.378490270000000000e+08 4.362000000000000000e+11 1.632789999999999964e+02 9.467377300000000560e+02 9.729155299999999897e+02 2.698957500000000209e+02 1.134829999999999927e+03 9.581000000000000227e+02 -1.020279999999999973e+03
6.378490280000000000e+08 1.570000000000000000e+11 1.161539999999999964e+02 9.468594399999999496e+02 9.723839100000000144e+02 2.689187299999999823e+02 6.642000000000000455e+02 -1.118559999999999945e+03 -3.204320000000000164e+03
6.378490290000000000e+08 3.489000000000000000e+10 7.035500000000000398e+01 9.460714699999999766e+02 9.716459399999999960e+02 2.683418899999999780e+02 1.182009999999999991e+03 6.472200000000000273e+02 -2.535900000000000034e+02
6.378490300000000000e+08 9.595000000000000000e+10 9.856900000000000261e+01 9.474101600000000190e+02 9.707137500000000045e+02 2.696755099999999743e+02 3.743600000000000136e+02 -4.903000000000000114e+01 -2.016599999999999966e+02
6.378490320000000000e+08 3.184000000000000000e+12 3.167420000000000186e+02 9.475168499999999767e+02 9.712163100000000213e+02 2.680310999999999808e+02 -1.337680000000000064e+03 8.891399999999999864e+02 1.248599999999999909e+03
6.378490330000000000e+08 4.013000000000000000e+12 3.421320000000000050e+02 9.472748400000000402e+02 9.715717799999999897e+02 2.689014300000000048e+02 9.848600000000000136e+02 -1.330750000000000000e+03 -4.022699999999999818e+02
6.378490340000000000e+08 2.006000000000000000e+11 1.260430000000000064e+02 9.472049600000000282e+02 9.722290600000000040e+02 2.688544899999999984e+02 -1.548109999999999900e+03 8.598300000000000409e+02 -1.012419999999999959e+03
6.378490360000000000e+08 2.443000000000000000e+11 1.345840000000000032e+02 9.473945300000000316e+02 9.722359599999999773e+02 2.692632399999999961e+02 -6.722599999999999909e+02 -5.266499999999999773e+02 -1.500029999999999973e+03
6.378490370000000000e+08 1.919000000000000000e+11 1.241889999999999930e+02 9.477454800000000432e+02 9.733224500000000035e+02 2.686435200000000236e+02 1.917199999999999989e+02 4.744399999999999977e+02 -1.510289999999999964e+03
6.378490380000000000e+08 1.134000000000000000e+11 1.042129999999999939e+02 9.467052599999999529e+02 9.700289900000000216e+02 2.686418199999999956e+02 1.548220000000000027e+03 1.809839999999999918e+03 -6.274199999999999591e+02
6.378490390000000000e+08 6.106000000000000000e+10 8.478300000000000125e+01 9.472492099999999482e+02 9.694269399999999450e+02 2.682864400000000273e+02 -1.716950000000000045e+03 1.492609999999999900e+03 5.729600000000000364e+02
6.378490400000000000e+08 5.234000000000000000e+10 8.053600000000000136e+01 9.467879599999999982e+02 9.727277800000000525e+02 2.669194899999999961e+02 -2.415949999999999818e+03 3.274900000000000091e+02 -2.993600000000000136e+02
6.378490410000000000e+08 1.745000000000000000e+11 1.203050000000000068e+02 9.472542700000000195e+02 9.702757000000000289e+02 2.672537500000000250e+02 5.052200000000000273e+02 3.765799999999999841e+02 -8.960900000000000318e+02
6.378490780000000000e+08 1.796000000000000000e+14 1.214631000000000085e+03 9.477498799999999619e+02 9.719707600000000411e+02 2.693497600000000034e+02 -8.300199999999999818e+02 2.082050000000000182e+03 8.416499999999999773e+02
6.378490790000000000e+08 3.751000000000000000e+11 1.552740000000000009e+02 9.479753399999999601e+02 9.725334500000000162e+02 2.702378800000000183e+02 -1.370130000000000109e+03 -2.775600000000000023e+02 -2.564460000000000036e+03
6.378490800000000000e+08 3.489000000000000000e+10 7.035500000000000398e+01 9.475878300000000536e+02 9.722447499999999536e+02 2.700310999999999808e+02 -1.206109999999999900e+03 8.192200000000000273e+02 -4.743600000000000136e+02
6.378490810000000000e+08 2.530000000000000000e+11 1.361680000000000064e+02 9.465552400000000262e+02 9.729108899999999949e+02 2.699131499999999733e+02 1.009360000000000014e+03 1.118019999999999982e+03 -1.054160000000000082e+03
6.378490820000000000e+08 6.542000000000000000e+11 1.869079999999999870e+02 9.476131000000000313e+02 9.726720599999999877e+02 2.675819099999999935e+02 4.380699999999999932e+02 2.070369999999999891e+03 2.450320000000000164e+03
6.378491410000000000e+08 4.407000000000000000e+13 7.604950000000000045e+02 9.465169700000000148e+02 9.717097199999999475e+02 2.681807299999999827e+02 -3.168700000000000045e+02 1.134309999999999945e+03 8.553700000000000045e+02
6.378491420000000000e+08 1.326000000000000000e+12 2.365320000000000107e+02 9.464817500000000337e+02 9.719035599999999704e+02 2.681556100000000242e+02 -2.252710000000000036e+03 2.906679999999999836e+03 1.649539999999999964e+03
6.378491430000000000e+08 2.791000000000000000e+11 1.407100000000000080e+02 9.464388400000000274e+02 9.719824200000000474e+02 2.679711599999999976e+02 -2.085610000000000127e+03 -1.940839999999999918e+03 2.389030000000000200e+03
6.378491450000000000e+08 1.919000000000000000e+11 1.241889999999999930e+02 9.474321899999999914e+02 9.731780400000000100e+02 2.685352199999999812e+02 -1.027230000000000018e+03 -1.377690000000000055e+03 1.033100000000000023e+02
6.378491110000000000e+08 1.156000000000000000e+14 1.048875000000000000e+03 9.469372600000000375e+02 9.726544199999999591e+02 2.684632599999999911e+02 -1.222970000000000027e+03 7.697799999999999727e+02 1.602970000000000027e+03
6.378491120000000000e+08 7.982000000000000000e+12 4.302780000000000200e+02 9.469666099999999460e+02 9.726121200000000044e+02 2.684550800000000095e+02 -6.783200000000000500e+02 4.534100000000000250e+02 8.938200000000000500e+02
6.378491130000000000e+08 1.195000000000000000e+12 2.284799999999999898e+02 9.469356099999999969e+02 9.725058599999999842e+02 2.684168999999999983e+02 -2.065110000000000127e+03 7.471799999999999500e+02 1.680109999999999900e+03
6.378491140000000000e+08 3.751000000000000000e+11 1.552740000000000009e+02 9.470057399999999461e+02 9.725470599999999877e+02 2.686122100000000046e+02 2.740400000000000205e+02 4.157200000000000273e+02 3.733899999999999864e+02
6.378491150000000000e+08 2.530000000000000000e+11 1.361680000000000064e+02 9.465524900000000343e+02 9.732678799999999910e+02 2.688131399999999758e+02 6.230700000000000500e+02 1.039890000000000100e+03 -1.062210000000000036e+03
6.378491180000000000e+08 1.448000000000000000e+12 2.435819999999999936e+02 9.470293000000000347e+02 9.723701800000000048e+02 2.681048900000000117e+02 -1.036069999999999936e+03 8.445999999999999375e+01 3.432699999999999818e+03
6.378491200000000000e+08 3.838000000000000000e+11 1.564679999999999893e+02 9.468872699999999440e+02 9.725277700000000323e+02 2.681956200000000194e+02 -2.404000000000000057e+02 3.307929999999999836e+03 2.910179999999999836e+03
6.378491210000000000e+08 4.798000000000000000e+11 1.685500000000000114e+02 9.468146400000000540e+02 9.718722500000000082e+02 2.681690699999999765e+02 -4.390400000000000205e+02 4.097329999999999927e+03 1.470500000000000000e+03
6.378491220000000000e+08 3.027000000000000000e+12 3.114470000000000027e+02 9.466298199999999952e+02 9.717700200000000450e+02 2.680506599999999935e+02 -2.634960000000000036e+03 3.074269999999999982e+03 1.728230000000000018e+03
6.378491230000000000e+08 1.396000000000000000e+11 1.116820000000000022e+02 9.472044700000000148e+02 9.727290600000000040e+02 2.687438000000000216e+02 1.335609999999999900e+03 3.660099999999999909e+02 -2.043099999999999909e+03
6.378491240000000000e+08 5.234000000000000000e+10 8.053600000000000136e+01 9.473673099999999749e+02 9.727117299999999886e+02 2.678298300000000154e+02 -2.712670000000000073e+03 1.909000000000000000e+03 2.103929999999999836e+03
6.378491250000000000e+08 2.879000000000000000e+11 1.421610000000000014e+02 9.471787100000000237e+02 9.725803799999999910e+02 2.692819200000000137e+02 -1.533210000000000036e+03 8.338500000000000227e+02 -3.311100000000000136e+02
6.378491260000000000e+08 1.710000000000000000e+12 2.576469999999999914e+02 9.471386099999999715e+02 9.723241600000000062e+02 2.682434700000000021e+02 6.084000000000000341e+01 1.140390000000000100e+03 6.715599999999999454e+02
6.378491270000000000e+08 2.704000000000000000e+11 1.392290000000000134e+02 9.470877699999999777e+02 9.722519499999999653e+02 2.680708000000000197e+02 -1.945900000000000034e+02 2.324800000000000182e+03 2.274099999999999909e+03
6.378492360000000000e+08 3.310000000000000000e+13 6.913200000000000500e+02 9.438293499999999767e+02 9.765672600000000330e+02 2.683984100000000126e+02 6.822799999999999727e+02 -1.366049999999999955e+03 1.823499999999999943e+02
6.378492380000000000e+08 1.134000000000000000e+11 1.042129999999999939e+02 9.438899499999999989e+02 9.760604899999999589e+02 2.685643299999999840e+02 6.169800000000000182e+02 -1.278750000000000000e+03 -6.941399999999999864e+02
6.378491350000000000e+08 2.519000000000000000e+13 6.311620000000000346e+02 9.460173999999999523e+02 9.714165000000000418e+02 2.679720199999999863e+02 -1.404519999999999982e+03 8.500000000000000000e+00 2.985099999999999909e+02
6.378491360000000000e+08 5.059000000000000000e+11 1.715610000000000070e+02 9.462062399999999798e+02 9.717531099999999924e+02 2.683470800000000054e+02 -2.783639999999999873e+03 3.266600000000000250e+02 -1.936359999999999900e+03
6.378490870000000000e+08 1.398000000000000000e+13 5.187039999999999509e+02 9.465565800000000536e+02 9.726463599999999587e+02 2.696033899999999903e+02 1.385920000000000073e+03 -1.634190000000000055e+03 -2.881399999999999864e+02
6.378490440000000000e+08 8.897000000000000000e+12 4.461440000000000055e+02 9.471243899999999485e+02 9.682723399999999856e+02 2.669395400000000222e+02 -6.795000000000000284e+01 1.742509999999999991e+03 -6.047899999999999636e+02
6.378491050000000000e+08 2.053000000000000000e+13 5.895810000000000173e+02 9.470079299999999876e+02 9.722128900000000158e+02 2.683828700000000254e+02 -3.849399999999999977e+02 -1.726150000000000091e+03 1.245119999999999891e+03
6.378491030000000000e+08 9.840000000000000000e+12 4.613650000000000091e+02 9.461603999999999814e+02 9.749797399999999925e+02 2.694978600000000029e+02 6.977400000000000091e+02 -6.832000000000000455e+02 1.448789999999999964e+03
6.378490480000000000e+08 8.112000000000000000e+12 4.326159999999999854e+02 9.476483799999999746e+02 9.725986299999999574e+02 2.681110800000000154e+02 -1.613289999999999964e+03 -1.144700000000000045e+03 9.040800000000000409e+02
6.378488170000000000e+08 6.743000000000000000e+12 4.067570000000000050e+02 9.476809700000000021e+02 9.683463100000000168e+02 2.673496999999999844e+02 -7.917100000000000364e+02 1.316890000000000100e+03 6.799600000000000364e+02
6.378488180000000000e+08 2.966000000000000000e+11 1.435819999999999936e+02 9.478568699999999581e+02 9.683073699999999917e+02 2.670160799999999881e+02 -7.032000000000000455e+02 1.063400000000000091e+03 9.576900000000000546e+02
6.378490770000000000e+08 2.146000000000000000e+12 2.777069999999999936e+02 9.478854400000000169e+02 9.725673199999999952e+02 2.702206699999999842e+02 -1.477599999999999909e+03 -1.554900000000000091e+02 -2.443369999999999891e+03
6.378488410000000000e+08 4.484000000000000000e+12 3.550280000000000200e+02 9.473554699999999684e+02 9.719057000000000244e+02 2.674213899999999740e+02 -3.592760000000000218e+03 -1.582380000000000109e+03 1.263720000000000027e+03
6.378491770000000000e+08 4.301000000000000000e+12 3.501259999999999764e+02 9.452017200000000230e+02 9.761792000000000371e+02 2.687546399999999949e+02 2.597500000000000000e+02 -5.833799999999999955e+02 4.132900000000000205e+02
6.378534310000000000e+08 3.323000000000000000e+12 3.213039999999999736e+02 9.520372300000000223e+02 9.754749100000000226e+02 2.680842000000000098e+02 -7.276900000000000546e+02 -7.449700000000000273e+02 6.010499999999999545e+02
6.378534320000000000e+08 2.181000000000000000e+11 1.295949999999999989e+02 9.520194699999999557e+02 9.754619800000000396e+02 2.680824299999999880e+02 -4.181000000000000227e+02 -6.019800000000000182e+02 7.523799999999999955e+02
6.378490910000000000e+08 5.103000000000000000e+12 3.706750000000000114e+02 9.463315400000000182e+02 9.727039200000000392e+02 2.683291300000000206e+02 2.786100000000000136e+02 9.738600000000000136e+02 1.195999999999999943e+02
6.378489260000000000e+08 4.030000000000000000e+12 3.426279999999999859e+02 9.461583299999999781e+02 9.734588599999999587e+02 2.688678600000000074e+02 1.488670000000000073e+03 -1.541299999999999955e+03 -1.278509999999999991e+03
6.378490950000000000e+08 3.289000000000000000e+12 3.201759999999999877e+02 9.459050300000000107e+02 9.738253799999999956e+02 2.684574000000000069e+02 1.436380000000000109e+03 -7.460499999999999545e+02 2.051639999999999873e+03
6.378490960000000000e+08 2.355000000000000000e+11 1.329629999999999939e+02 9.458741499999999860e+02 9.738916600000000017e+02 2.685066199999999981e+02 1.249019999999999982e+03 -7.228200000000000500e+02 1.705400000000000091e+03
6.378491100000000000e+08 4.449000000000000000e+11 1.643609999999999900e+02 9.472731899999999996e+02 9.727898599999999760e+02 2.685377199999999789e+02 -1.607920000000000073e+03 4.245000000000000000e+02 9.274700000000000273e+02
6.378491610000000000e+08 4.362000000000000000e+11 1.632789999999999964e+02 9.476963500000000522e+02 9.729279199999999719e+02 2.684632599999999911e+02 -1.774910000000000082e+03 6.970000000000000284e+01 -6.054299999999999500e+02
6.378488620000000000e+08 3.664000000000000000e+12 3.319130000000000109e+02 9.473980099999999993e+02 9.708627900000000182e+02 2.673036500000000046e+02 -3.443039999999999964e+03 -1.643000000000000114e+02 4.370299999999999727e+02
6.378489430000000000e+08 3.158000000000000000e+12 3.158720000000000141e+02 9.475889300000000048e+02 9.729995699999999488e+02 2.659487599999999929e+02 -4.840999999999999659e+01 -1.502960000000000036e+03 -7.515399999999999636e+02
6.378489510000000000e+08 2.582000000000000000e+12 2.953740000000000236e+02 9.466947000000000116e+02 9.718851899999999659e+02 2.675007299999999759e+02 1.928000000000000000e+03 6.700000000000000178e+00 1.078759999999999991e+03
6.378488440000000000e+08 2.948000000000000000e+12 3.087309999999999945e+02 9.470958900000000540e+02 9.716578399999999647e+02 2.688032799999999725e+02 -3.386630000000000109e+03 -7.445900000000000318e+02 -1.136089999999999918e+03
6.378488430000000000e+08 3.672000000000000000e+12 3.321770000000000209e+02 9.480369299999999839e+02 9.711766400000000203e+02 2.676772799999999961e+02 -9.648200000000000500e+02 2.929820000000000164e+03 -1.844430000000000064e+03
6.378491570000000000e+08 5.844000000000000000e+11 1.800109999999999957e+02 9.460081199999999626e+02 9.726833500000000186e+02 2.685831900000000019e+02 -2.255600000000000023e+02 -1.046079999999999927e+03 -2.117909999999999854e+03
6.378491580000000000e+08 6.804000000000000000e+11 1.893679999999999950e+02 9.463041399999999612e+02 9.717345599999999877e+02 2.679433300000000031e+02 -1.799759999999999991e+03 3.452159999999999854e+03 9.721699999999999591e+02
6.378491840000000000e+08 2.521000000000000000e+12 2.930269999999999868e+02 9.429620400000000018e+02 9.756881700000000137e+02 2.674528799999999933e+02 1.402819999999999936e+03 3.568600000000000136e+02 1.188480000000000018e+03
6.378491080000000000e+08 3.402000000000000000e+11 1.503009999999999877e+02 9.471978800000000547e+02 9.725227700000000368e+02 2.687310499999999820e+02 -1.379380000000000109e+03 2.433599999999999909e+03 5.838799999999999955e+02
6.378491600000000000e+08 2.809000000000000000e+12 3.037810000000000059e+02 9.471256700000000137e+02 9.704882800000000316e+02 2.675272499999999809e+02 -1.686380000000000109e+03 2.223539999999999964e+03 1.045930000000000064e+03
6.378490730000000000e+08 2.687000000000000000e+12 2.993129999999999882e+02 9.469011199999999917e+02 9.715467499999999745e+02 2.667491800000000239e+02 4.753199999999999932e+02 2.786829999999999927e+03 4.285500000000000114e+02
6.378490460000000000e+08 3.428000000000000000e+12 3.246429999999999723e+02 9.458947100000000319e+02 9.716842000000000326e+02 2.672071799999999939e+02 1.289099999999999966e+02 -6.402300000000000182e+02 -3.685299999999999727e+02
6.378491790000000000e+08 2.085000000000000000e+12 2.750470000000000255e+02 9.452336999999999989e+02 9.764212599999999611e+02 2.689649699999999939e+02 9.043999999999999773e+02 -2.493600000000000136e+02 4.531899999999999977e+02
6.378492670000000000e+08 2.015000000000000000e+12 2.719440000000000168e+02 9.440720800000000281e+02 9.764315800000000536e+02 2.693060300000000211e+02 4.747799999999999727e+02 3.977799999999999727e+02 2.144420000000000073e+03
6.378488390000000000e+08 2.346000000000000000e+12 2.861050000000000182e+02 9.481937900000000354e+02 9.717127100000000155e+02 2.678420100000000161e+02 -3.470440000000000055e+03 1.007289999999999964e+03 -1.355650000000000091e+03
6.378488400000000000e+08 5.932000000000000000e+11 1.809029999999999916e+02 9.479428699999999708e+02 9.717672099999999773e+02 2.678702099999999859e+02 -3.796550000000000182e+03 8.090499999999999545e+02 -1.459130000000000109e+03
6.378487930000000000e+08 1.858000000000000000e+12 2.646879999999999882e+02 9.483678599999999506e+02 9.689243199999999661e+02 2.656733399999999961e+02 -1.504750000000000000e+03 1.065710000000000036e+03 3.126100000000000136e+02
6.378544600000000000e+08 1.579000000000000000e+12 2.507079999999999984e+02 9.504650900000000320e+02 9.675068400000000111e+02 2.685048800000000142e+02 -1.925099999999999909e+02 1.178970000000000027e+03 -5.994299999999999500e+02
6.378492610000000000e+08 3.489000000000000000e+11 1.515749999999999886e+02 9.426332400000000007e+02 9.759562399999999798e+02 2.695302699999999732e+02 1.694630000000000109e+03 8.535199999999999818e+02 -2.971999999999999886e+02
6.378488010000000000e+08 1.527000000000000000e+12 2.479060000000000059e+02 9.495781200000000126e+02 9.680777600000000120e+02 2.686361699999999928e+02 -2.210900000000000034e+02 1.279740000000000009e+03 -1.183430000000000064e+03
6.378490430000000000e+08 1.989000000000000000e+12 2.707610000000000241e+02 9.471503300000000536e+02 9.695647599999999784e+02 2.660926499999999919e+02 -8.498600000000000136e+02 1.706599999999999909e+03 3.790299999999999727e+02
6.378491280000000000e+08 1.849000000000000000e+12 2.642730000000000246e+02 9.470140999999999849e+02 9.726975099999999657e+02 2.684346300000000269e+02 -9.486399999999999864e+02 2.547199999999999989e+02 2.312710000000000036e+03
6.378489620000000000e+08 1.317000000000000000e+12 2.360120000000000005e+02 9.483480799999999817e+02 9.682838699999999790e+02 2.682599799999999846e+02 8.974700000000000273e+02 1.535009999999999991e+03 -5.105799999999999841e+02
6.378489350000000000e+08 1.614000000000000000e+12 2.525409999999999968e+02 9.471892699999999650e+02 9.725953399999999647e+02 2.683858599999999797e+02 1.814059999999999945e+03 5.214600000000000364e+02 -2.225360000000000127e+03
6.378558960000000000e+08 1.247000000000000000e+12 2.317680000000000007e+02 9.521052200000000312e+02 9.742201499999999896e+02 2.681276599999999917e+02 -1.080490000000000009e+03 -7.523500000000000227e+02 2.451500000000000057e+02
6.378488800000000000e+08 6.804000000000000000e+11 1.893679999999999950e+02 9.463791499999999814e+02 9.715336300000000165e+02 2.681145300000000020e+02 -1.199869999999999891e+03 -2.960999999999999943e+01 2.958329999999999927e+03
6.378491290000000000e+08 8.374000000000000000e+11 2.029389999999999930e+02 9.472050199999999904e+02 9.724140599999999495e+02 2.680612800000000107e+02 -2.456929999999999836e+03 4.929399999999999977e+02 2.940750000000000000e+03
6.378489090000000000e+08 1.727000000000000000e+12 2.583229999999999791e+02 9.481243899999999485e+02 9.746091900000000123e+02 2.662920799999999986e+02 -5.178899999999999864e+02 -1.061759999999999991e+03 1.701230000000000018e+03
6.378488260000000000e+08 1.378000000000000000e+12 2.396040000000000134e+02 9.482685500000000047e+02 9.713898900000000367e+02 2.687711199999999963e+02 -3.404280000000000200e+03 -8.583200000000000500e+02 1.375500000000000114e+02
6.378491010000000000e+08 1.300000000000000000e+12 2.349650000000000034e+02 9.462388300000000072e+02 9.738470499999999674e+02 2.686954299999999876e+02 2.309320000000000164e+03 -5.415999999999999659e+01 5.778700000000000045e+02
6.378491400000000000e+08 1.343000000000000000e+12 2.375649999999999977e+02 9.464568500000000313e+02 9.715355799999999817e+02 2.682887900000000059e+02 -4.440600000000000023e+02 -1.492500000000000000e+02 3.143299999999999841e+02
6.378491520000000000e+08 1.016000000000000000e+12 2.152889999999999873e+02 9.465106200000000172e+02 9.720553599999999506e+02 2.681427600000000098e+02 -1.465079999999999927e+03 3.122250000000000000e+03 1.189599999999999909e+03
6.378491530000000000e+08 5.495000000000000000e+11 1.763549999999999898e+02 9.465401600000000144e+02 9.720693999999999733e+02 2.681528599999999756e+02 -1.952250000000000000e+03 3.266190000000000055e+03 1.225369999999999891e+03
6.378491540000000000e+08 1.745000000000000000e+11 1.203050000000000068e+02 9.461935399999999845e+02 9.719600799999999481e+02 2.683673999999999751e+02 -1.239730000000000018e+03 3.227059999999999945e+03 4.896399999999999864e+02
6.378490700000000000e+08 1.265000000000000000e+12 2.328439999999999941e+02 9.494075900000000274e+02 9.708850099999999657e+02 2.698475000000000250e+02 -8.238700000000000045e+02 6.398099999999999454e+02 1.978859999999999900e+03
6.378488310000000000e+08 1.213000000000000000e+12 2.295869999999999891e+02 9.469653299999999945e+02 9.708934299999999666e+02 2.685146199999999794e+02 -2.091969999999999800e+03 -1.167999999999999972e+01 -1.961599999999999966e+02
6.378489550000000000e+08 1.596000000000000000e+12 2.516279999999999859e+02 9.459205899999999474e+02 9.726009500000000116e+02 2.667019999999999982e+02 1.910059999999999945e+03 -6.464199999999999591e+02 -1.332990000000000009e+03
6.378490620000000000e+08 1.544000000000000000e+12 2.488470000000000084e+02 9.475607300000000350e+02 9.703359400000000505e+02 2.667753599999999778e+02 -3.743000000000000114e+02 1.466420000000000073e+03 1.867349999999999909e+03
6.378488980000000000e+08 1.064000000000000000e+12 2.198170000000000073e+02 9.471313499999999976e+02 9.717409099999999853e+02 2.689398499999999785e+02 1.166809999999999945e+03 -1.577829999999999927e+03 -5.421499999999999773e+02
6.378489400000000000e+08 1.370000000000000000e+12 2.390970000000000084e+02 9.462555499999999711e+02 9.745303999999999860e+02 2.686470600000000104e+02 5.737100000000000364e+02 -1.885999999999999943e+02 -1.202970000000000027e+03
6.378492040000000000e+08 1.117000000000000000e+12 2.233629999999999995e+02 9.440354599999999436e+02 9.761066299999999956e+02 2.689791900000000169e+02 -1.350599999999999909e+03 -9.743899999999999864e+02 1.245960000000000036e+03
6.378489170000000000e+08 1.300000000000000000e+12 2.349650000000000034e+02 9.481242099999999482e+02 9.707366899999999532e+02 2.665057100000000219e+02 -7.199900000000000091e+02 2.512309999999999945e+03 -4.611100000000000136e+02
6.378489080000000000e+08 1.134000000000000000e+12 2.245209999999999866e+02 9.475176400000000285e+02 9.739434199999999464e+02 2.668409700000000271e+02 -5.364400000000000546e+02 -1.378400000000000091e+03 1.801430000000000064e+03
6.378487910000000000e+08 9.072000000000000000e+11 2.084259999999999877e+02 9.472393200000000206e+02 9.681382399999999961e+02 2.679309700000000021e+02 6.040999999999999659e+01 1.515329999999999927e+03 -1.201160000000000082e+03
6.378489610000000000e+08 8.636000000000000000e+11 2.050310000000000059e+02 9.491283600000000433e+02 9.688589500000000498e+02 2.681825299999999856e+02 5.868500000000000227e+02 1.622029999999999973e+03 -6.220199999999999818e+02
6.378488510000000000e+08 8.985000000000000000e+11 2.077560000000000002e+02 9.453166499999999814e+02 9.745895400000000564e+02 2.677927199999999743e+02 7.812400000000000091e+02 -8.351699999999999591e+02 -1.766279999999999973e+03
6.378489150000000000e+08 1.561000000000000000e+12 2.497810000000000059e+02 9.478963599999999587e+02 9.718839100000000144e+02 2.672979100000000017e+02 -4.371499999999999773e+02 -5.345199999999999818e+02 -2.137159999999999854e+03
6.378489130000000000e+08 1.204000000000000000e+12 2.290349999999999966e+02 9.485525499999999965e+02 9.699181499999999687e+02 2.664030799999999886e+02 -2.009279999999999973e+03 8.102599999999999909e+02 6.574800000000000182e+02
6.378534300000000000e+08 8.200000000000000000e+11 2.015200000000000102e+02 9.515337500000000546e+02 9.756380000000000337e+02 2.691011700000000246e+02 -1.058970000000000027e+03 -9.092999999999999545e+02 -8.404700000000000273e+02
6.378490500000000000e+08 8.549000000000000000e+11 2.043389999999999986e+02 9.473454000000000406e+02 9.719864499999999907e+02 2.682657800000000066e+02 -1.828390000000000100e+03 -1.249259999999999991e+03 3.835299999999999727e+02
6.378491760000000000e+08 1.082000000000000000e+12 2.210120000000000005e+02 9.430060999999999467e+02 9.757658099999999877e+02 2.700070499999999925e+02 1.133470000000000027e+03 -1.308990000000000009e+03 5.175000000000000000e+01
6.378490610000000000e+08 2.617000000000000000e+11 1.377150000000000034e+02 9.470501100000000179e+02 9.718219000000000278e+02 2.675996999999999844e+02 6.782500000000000000e+02 -1.923999999999999844e+01 7.282400000000000091e+02
6.378490590000000000e+08 8.374000000000000000e+11 2.029389999999999930e+02 9.473966699999999719e+02 9.727346800000000258e+02 2.678541000000000167e+02 -2.052130000000000109e+03 2.530300000000000182e+03 2.238110000000000127e+03
6.378490970000000000e+08 8.025000000000000000e+11 2.000800000000000125e+02 9.468346599999999853e+02 9.726281099999999924e+02 2.686119100000000230e+02 2.554670000000000073e+03 -1.570309999999999945e+03 1.972380000000000109e+03
6.378488360000000000e+08 5.408000000000000000e+11 1.754170000000000016e+02 9.476748000000000047e+02 9.722821000000000140e+02 2.668370400000000018e+02 -3.499679999999999836e+03 -5.838899999999999864e+02 -2.347599999999999909e+02
6.378488940000000000e+08 1.003000000000000000e+12 2.155300000000000011e+02 9.470906999999999698e+02 9.720470000000000255e+02 2.700921599999999785e+02 2.886200000000000045e+02 1.032039999999999964e+03 -2.723150000000000091e+03
6.378489020000000000e+08 9.072000000000000000e+11 2.084259999999999877e+02 9.504652700000000323e+02 9.701177400000000262e+02 2.692626999999999953e+02 -1.644690000000000055e+03 6.607200000000000273e+02 -1.223599999999999909e+03
6.378488020000000000e+08 7.240000000000000000e+11 1.933309999999999889e+02 9.476637600000000248e+02 9.688709700000000566e+02 2.660691199999999981e+02 9.739000000000000057e+01 1.539450000000000045e+03 -8.445299999999999727e+02
6.378491070000000000e+08 7.153000000000000000e+11 1.925509999999999877e+02 9.468143300000000409e+02 9.727580000000000382e+02 2.679421100000000138e+02 -1.463930000000000064e+03 -6.331000000000000227e+01 1.232640000000000100e+03
6.378490890000000000e+08 6.804000000000000000e+11 1.893679999999999950e+02 9.462861299999999574e+02 9.750526099999999587e+02 2.693514099999999871e+02 1.626410000000000082e+03 -1.076700000000000017e+02 -4.273700000000000045e+02
6.378488960000000000e+08 9.246000000000000000e+11 2.097539999999999907e+02 9.486425199999999904e+02 9.705018900000000031e+02 2.680334500000000162e+02 -1.624960000000000036e+03 1.812339999999999918e+03 6.530199999999999818e+02
6.378488740000000000e+08 7.938000000000000000e+11 1.993530000000000086e+02 9.448007199999999557e+02 9.746599099999999680e+02 2.673342599999999720e+02 4.684900000000000091e+02 -6.853700000000000045e+02 1.959720000000000027e+03
6.378489540000000000e+08 7.851000000000000000e+11 1.986200000000000045e+02 9.460228299999999990e+02 9.719360400000000482e+02 2.670300599999999918e+02 1.311839999999999918e+03 -1.221660000000000082e+03 -1.641160000000000082e+03
6.378488320000000000e+08 6.717000000000000000e+11 1.885550000000000068e+02 9.476624799999999595e+02 9.716599099999999680e+02 2.667488999999999919e+02 -2.048869999999999891e+03 -9.445499999999999545e+02 -1.325839999999999918e+03
6.378491300000000000e+08 1.178000000000000000e+12 2.273629999999999995e+02 9.465755599999999959e+02 9.713789699999999812e+02 2.681193499999999972e+02 -3.341000000000000227e+02 1.795699999999999932e+02 2.596480000000000018e+03
6.378488350000000000e+08 8.636000000000000000e+11 2.050310000000000059e+02 9.467797199999999975e+02 9.730488900000000285e+02 2.674629199999999969e+02 -2.975269999999999982e+03 -1.355309999999999945e+03 6.368099999999999454e+02
6.378491560000000000e+08 5.495000000000000000e+11 1.763549999999999898e+02 9.459005700000000161e+02 9.726844499999999698e+02 2.688435999999999808e+02 -4.255799999999999841e+02 3.461999999999999886e+02 -9.978899999999999864e+02
6.378492460000000000e+08 9.334000000000000000e+11 2.104120000000000061e+02 9.438191500000000360e+02 9.759967699999999695e+02 2.687679699999999912e+02 3.390500000000000114e+02 -4.370000000000000000e+02 1.042800000000000011e+02
6.378489180000000000e+08 7.066000000000000000e+11 1.917649999999999864e+02 9.477824699999999893e+02 9.710209999999999582e+02 2.661835899999999810e+02 -8.893000000000000682e+01 2.477360000000000127e+03 -2.210699999999999932e+02
6.378489630000000000e+08 6.193000000000000000e+11 1.835250000000000057e+02 9.464814499999999953e+02 9.707998700000000554e+02 2.683306900000000041e+02 3.437300000000000182e+02 2.138090000000000146e+03 -2.210500000000000000e+03
6.378491510000000000e+08 3.140000000000000000e+11 1.463439999999999941e+02 9.467288800000000037e+02 9.722171600000000353e+02 2.679900499999999965e+02 -1.091720000000000027e+03 1.465140000000000100e+03 1.939920000000000073e+03
6.378490990000000000e+08 6.368000000000000000e+11 1.852319999999999993e+02 9.466308000000000220e+02 9.727604999999999791e+02 2.676554300000000239e+02 -4.366100000000000136e+02 1.362089999999999918e+03 2.473829999999999927e+03
6.378490740000000000e+08 8.112000000000000000e+11 2.008029999999999973e+02 9.471945799999999736e+02 9.724147299999999632e+02 2.669607199999999807e+02 7.320800000000000409e+02 2.126619999999999891e+03 1.655869999999999891e+03
6.378492390000000000e+08 1.021000000000000000e+12 2.167719999999999914e+02 9.434528800000000501e+02 9.761256700000000137e+02 2.684761700000000246e+02 5.764600000000000364e+02 -1.629990000000000009e+03 3.841899999999999977e+02
6.378491460000000000e+08 1.378000000000000000e+12 2.396040000000000134e+02 9.466895799999999781e+02 9.713111000000000104e+02 2.681693999999999960e+02 -2.437739999999999782e+03 1.098130000000000109e+03 1.977380000000000109e+03
6.378492450000000000e+08 7.240000000000000000e+11 1.933309999999999889e+02 9.438961799999999585e+02 9.758470499999999674e+02 2.686068099999999959e+02 9.485999999999999943e+01 -8.196299999999999955e+02 -4.325999999999999801e+01
6.378488340000000000e+08 6.106000000000000000e+11 1.826589999999999918e+02 9.480966200000000299e+02 9.724945099999999911e+02 2.673098100000000272e+02 -3.547719999999999800e+03 -6.067999999999999972e+01 -5.275299999999999727e+02
6.378487960000000000e+08 5.844000000000000000e+11 1.800109999999999957e+02 9.466542399999999589e+02 9.729335300000000188e+02 2.683545199999999795e+02 1.080500000000000000e+03 -1.676569999999999936e+03 -3.187409999999999854e+03
6.378488500000000000e+08 5.234000000000000000e+11 1.735099999999999909e+02 9.451684000000000196e+02 9.748978899999999612e+02 2.675536200000000235e+02 5.747000000000000455e+02 -6.609400000000000546e+02 -1.597849999999999909e+03
6.378488570000000000e+08 5.147000000000000000e+11 1.725409999999999968e+02 9.430938099999999622e+02 9.736624799999999595e+02 2.665392200000000003e+02 1.263730000000000018e+03 2.461500000000000057e+02 1.094849999999999909e+03
6.378490490000000000e+08 6.281000000000000000e+11 1.843820000000000050e+02 9.475800199999999904e+02 9.723168299999999817e+02 2.684432100000000219e+02 -8.423799999999999955e+02 -1.000139999999999986e+03 1.784250000000000000e+03
6.378489010000000000e+08 5.408000000000000000e+11 1.754170000000000016e+02 9.485861800000000130e+02 9.707790499999999838e+02 2.678031300000000101e+02 -9.582599999999999909e+02 -3.101000000000000227e+02 -5.086200000000000045e+02
6.378491590000000000e+08 4.710000000000000000e+11 1.675219999999999914e+02 9.467395000000000209e+02 9.718193999999999733e+02 2.681699499999999716e+02 -2.415550000000000182e+03 3.409929999999999836e+03 9.661499999999999773e+02
6.378490420000000000e+08 5.670000000000000000e+11 1.782019999999999982e+02 9.476250599999999622e+02 9.712038599999999633e+02 2.675292099999999778e+02 -1.987309999999999945e+03 -1.144899999999999949e+02 -1.403289999999999964e+03
6.378489050000000000e+08 5.757000000000000000e+11 1.791109999999999900e+02 9.489807100000000446e+02 9.727952900000000227e+02 2.660372300000000223e+02 -9.786499999999999773e+02 -7.835099999999999909e+02 1.857059999999999945e+03
6.378489210000000000e+08 5.321000000000000000e+11 1.744689999999999941e+02 9.459905400000000100e+02 9.741764500000000453e+02 2.673153100000000109e+02 1.017570000000000050e+03 -4.437099999999999795e+02 -2.287000000000000000e+03
6.378487950000000000e+08 4.623000000000000000e+11 1.664819999999999993e+02 9.469125999999999976e+02 9.729384199999999510e+02 2.679495499999999879e+02 1.834480000000000018e+03 -2.428210000000000036e+03 -2.550099999999999909e+02
6.378488880000000000e+08 5.059000000000000000e+11 1.715610000000000070e+02 9.482124000000000024e+02 9.713854400000000169e+02 2.683794300000000135e+02 -1.779730000000000018e+03 1.434720000000000027e+03 -1.309140000000000100e+03
6.378488910000000000e+08 4.885000000000000000e+11 1.695660000000000025e+02 9.502658099999999877e+02 9.738075599999999667e+02 2.681698299999999904e+02 -1.475789999999999964e+03 -1.160269999999999982e+03 -8.901900000000000546e+02
6.378490650000000000e+08 5.932000000000000000e+11 1.809029999999999916e+02 9.478185399999999845e+02 9.703359400000000505e+02 2.686978500000000167e+02 5.982699999999999818e+02 1.059660000000000082e+03 1.625670000000000073e+03
6.378492620000000000e+08 6.019000000000000000e+11 1.817849999999999966e+02 9.433897100000000364e+02 9.760291700000000219e+02 2.685409500000000094e+02 3.374800000000000182e+02 1.236099999999999994e+02 7.314199999999999591e+02
6.378488670000000000e+08 5.147000000000000000e+11 1.725409999999999968e+02 9.453559599999999818e+02 9.750863000000000511e+02 2.698709400000000187e+02 -3.054200000000000159e+02 -1.084430000000000064e+03 -1.639999999999999902e+00
6.378489060000000000e+08 7.589000000000000000e+11 1.963880000000000052e+02 9.497003799999999956e+02 9.713269000000000233e+02 2.668948100000000068e+02 -2.264579999999999927e+03 3.863299999999999841e+02 3.634599999999999795e+02
6.378489410000000000e+08 5.408000000000000000e+11 1.754170000000000016e+02 9.466068699999999581e+02 9.744199800000000096e+02 2.688906900000000064e+02 1.098650000000000091e+03 -8.367000000000000171e+01 -1.195279999999999973e+03
6.378574060000000000e+08 4.536000000000000000e+11 1.654279999999999973e+02 9.511306200000000217e+02 9.736288500000000568e+02 2.667932999999999879e+02 -1.796309999999999945e+03 1.091000000000000014e+01 -8.019999999999999574e+00
6.378491060000000000e+08 2.268000000000000000e+11 1.313000000000000114e+02 9.466203600000000051e+02 9.726820099999999911e+02 2.685566999999999780e+02 8.864299999999999500e+02 1.636480000000000018e+03 -5.698400000000000318e+02
6.378491500000000000e+08 4.274000000000000000e+11 1.621839999999999975e+02 9.467528700000000299e+02 9.714500100000000202e+02 2.686436800000000176e+02 -1.459089999999999918e+03 2.288530000000000200e+03 1.573490000000000009e+03
6.378488520000000000e+08 4.362000000000000000e+11 1.632789999999999964e+02 9.450052500000000464e+02 9.753297099999999773e+02 2.686185300000000211e+02 3.446100000000000136e+02 -1.786699999999999875e+02 -2.278250000000000000e+03
6.378488920000000000e+08 4.449000000000000000e+11 1.643609999999999900e+02 9.500936900000000378e+02 9.742634299999999712e+02 2.681422099999999773e+02 -1.334819999999999936e+03 -1.196710000000000036e+03 -9.848899999999999864e+02
6.378488970000000000e+08 5.583000000000000000e+11 1.772829999999999870e+02 9.480684199999999464e+02 9.712436500000000024e+02 2.684492500000000064e+02 2.300600000000000023e+02 -5.108000000000000114e+02 -2.678699999999999818e+03
6.378489390000000000e+08 4.710000000000000000e+11 1.675219999999999914e+02 9.461690099999999575e+02 9.747507299999999759e+02 2.690154400000000123e+02 4.068399999999999750e+02 -1.161800000000000068e+02 -2.026470000000000027e+03
6.378488330000000000e+08 5.408000000000000000e+11 1.754170000000000016e+02 9.480945400000000518e+02 9.729762600000000248e+02 2.673778699999999731e+02 -3.146860000000000127e+03 -3.094100000000000250e+02 6.025800000000000409e+02
6.378489600000000000e+08 6.019000000000000000e+11 1.817849999999999966e+02 9.452302899999999681e+02 9.718566899999999578e+02 2.691500199999999836e+02 1.137019999999999982e+03 -1.220250000000000000e+03 2.795400000000000205e+02
6.378490600000000000e+08 4.362000000000000000e+11 1.632789999999999964e+02 9.474457400000000007e+02 9.713234300000000303e+02 2.677441400000000158e+02 -1.029099999999999909e+03 -1.148470000000000027e+03 2.294750000000000000e+03
6.378489500000000000e+08 4.885000000000000000e+11 1.695660000000000025e+02 9.476533799999999701e+02 9.715181900000000041e+02 2.674487899999999740e+02 2.927619999999999891e+03 -1.477779999999999973e+03 3.011200000000000045e+02
6.378492250000000000e+08 4.885000000000000000e+11 1.695660000000000025e+02 9.450884999999999536e+02 9.766364099999999553e+02 2.700528600000000097e+02 -3.100000000000000000e+02 -1.656100000000000136e+02 6.019199999999999591e+02
6.378492350000000000e+08 4.449000000000000000e+11 1.643609999999999900e+02 9.438372200000000021e+02 9.764581299999999828e+02 2.687665099999999825e+02 3.611000000000000227e+02 -1.946250000000000000e+03 1.579000000000000057e+02
6.378488160000000000e+08 2.966000000000000000e+11 1.435819999999999936e+02 9.470788599999999633e+02 9.685635399999999890e+02 2.671975400000000036e+02 -5.876699999999999591e+02 1.222579999999999927e+03 9.750800000000000409e+02
6.378488890000000000e+08 4.885000000000000000e+11 1.695660000000000025e+02 9.506732799999999770e+02 9.724746099999999842e+02 2.670980799999999817e+02 -2.003980000000000018e+03 2.180800000000000125e+02 9.164000000000000057e+01
6.378490840000000000e+08 5.408000000000000000e+11 1.754170000000000016e+02 9.474726000000000568e+02 9.716638799999999492e+02 2.702312299999999823e+02 -6.887000000000000455e+01 2.157260000000000218e+03 1.839839999999999918e+03
6.378488690000000000e+08 3.838000000000000000e+11 1.564679999999999893e+02 9.431371500000000196e+02 9.743222700000000032e+02 2.692610799999999927e+02 2.030800000000000125e+02 -2.891800000000000068e+02 6.039700000000000273e+02
6.378488990000000000e+08 2.704000000000000000e+11 1.392290000000000134e+02 9.473229400000000169e+02 9.711958600000000388e+02 2.683047199999999748e+02 -3.453960000000000036e+03 5.280800000000000409e+02 -9.524900000000000091e+02
6.378489530000000000e+08 3.576000000000000000e+11 1.528280000000000030e+02 9.462356600000000526e+02 9.717604999999999791e+02 2.672255200000000173e+02 2.193369999999999891e+03 -6.362200000000000273e+02 -9.149700000000000273e+02
6.378492330000000000e+08 4.100000000000000000e+11 1.599459999999999980e+02 9.440775099999999611e+02 9.765684199999999464e+02 2.682539100000000190e+02 7.248700000000000045e+02 -2.064110000000000127e+03 -6.774099999999999682e+02
6.378488250000000000e+08 4.449000000000000000e+11 1.643609999999999900e+02 9.474629499999999780e+02 9.707047700000000532e+02 2.687686800000000176e+02 -3.107639999999999873e+03 -4.779800000000000182e+02 3.010400000000000205e+02
6.378488630000000000e+08 4.623000000000000000e+11 1.664819999999999993e+02 9.465957600000000411e+02 9.714963400000000320e+02 2.693131999999999948e+02 -1.470569999999999936e+03 1.302769999999999982e+03 2.022529999999999973e+03
6.378488650000000000e+08 2.355000000000000000e+11 1.329629999999999939e+02 9.465154999999999745e+02 9.724477500000000418e+02 2.673037100000000237e+02 -2.790880000000000109e+03 -1.436410000000000082e+03 1.445250000000000000e+03
6.378490670000000000e+08 4.187000000000000000e+11 1.610730000000000075e+02 9.492069699999999557e+02 9.703051799999999503e+02 2.669921600000000126e+02 5.150199999999999818e+02 9.964500000000000455e+02 1.968160000000000082e+03
6.378488420000000000e+08 3.140000000000000000e+11 1.461380000000000052e+02 9.469714999999999918e+02 9.726838400000000320e+02 2.683917500000000018e+02 -2.605610000000000127e+03 1.423369999999999891e+03 5.883799999999999955e+02
6.378491490000000000e+08 4.274000000000000000e+11 1.621839999999999975e+02 9.469789399999999659e+02 9.719678999999999860e+02 2.678376200000000154e+02 1.309059999999999945e+03 -8.263400000000000318e+02 4.102340000000000146e+03
6.378491750000000000e+08 4.623000000000000000e+11 1.664819999999999993e+02 9.437517699999999650e+02 9.760522499999999582e+02 2.693580600000000231e+02 1.432529999999999973e+03 -4.080099999999999909e+02 -1.968700000000000045e+02
6.378592270000000000e+08 3.925000000000000000e+11 1.576450000000000102e+02 9.510163599999999633e+02 9.728572400000000471e+02 2.658056599999999889e+02 -1.753730000000000018e+03 -4.983299999999999841e+02 -3.905400000000000205e+02
6.378488270000000000e+08 3.576000000000000000e+11 1.528280000000000030e+02 9.473257399999999961e+02 9.710311299999999619e+02 2.687035200000000259e+02 -3.707409999999999854e+03 -6.359800000000000182e+02 -1.853899999999999864e+02
6.378488290000000000e+08 3.576000000000000000e+11 1.528280000000000030e+02 9.475153199999999742e+02 9.709052100000000110e+02 2.686070599999999899e+02 -3.642219999999999800e+03 -2.731299999999999955e+02 -5.675299999999999727e+02
6.378489450000000000e+08 4.623000000000000000e+11 1.664819999999999993e+02 9.460484599999999773e+02 9.736389799999999468e+02 2.670072599999999738e+02 1.089369999999999891e+03 -1.366750000000000000e+03 -1.249680000000000064e+03
6.378490690000000000e+08 4.623000000000000000e+11 1.664819999999999993e+02 9.485659200000000055e+02 9.712555499999999711e+02 2.699014300000000048e+02 -1.506400000000000091e+03 9.817200000000000273e+02 1.502289999999999964e+03
6.378490710000000000e+08 3.751000000000000000e+11 1.552740000000000009e+02 9.477961999999999989e+02 9.705352799999999434e+02 2.678781099999999924e+02 -4.161999999999999886e+02 1.844140000000000100e+03 2.330050000000000182e+03
6.378490760000000000e+08 4.536000000000000000e+11 1.654279999999999973e+02 9.471302500000000464e+02 9.721062600000000202e+02 2.691903399999999920e+02 -1.037460000000000036e+03 3.012980000000000018e+03 1.070140000000000100e+03
6.378488030000000000e+08 3.315000000000000000e+11 1.490060000000000002e+02 9.475683000000000220e+02 9.682994400000000041e+02 2.686387300000000096e+02 9.312400000000000091e+02 1.457660000000000082e+03 -8.132699999999999818e+02
6.378488210000000000e+08 5.844000000000000000e+11 1.800109999999999957e+02 9.472528099999999540e+02 9.711008299999999736e+02 2.690168199999999956e+02 2.023619999999999891e+03 -1.064049999999999955e+03 -3.854599999999999795e+02
6.378488950000000000e+08 4.274000000000000000e+11 1.621839999999999975e+02 9.498499100000000226e+02 9.711663800000000037e+02 2.681123000000000047e+02 -2.287510000000000218e+03 5.292599999999999909e+02 -1.141539999999999964e+03
6.378489110000000000e+08 5.059000000000000000e+11 1.715610000000000070e+02 9.485120200000000068e+02 9.697118500000000267e+02 2.663459199999999782e+02 -5.603500000000000227e+02 1.655109999999999900e+03 7.872699999999999818e+02
6.378489360000000000e+08 6.019000000000000000e+11 1.817849999999999966e+02 9.456583900000000540e+02 9.733288000000000011e+02 2.685501399999999990e+02 1.093220000000000027e+03 4.346600000000000250e+02 -2.771550000000000182e+03
6.378492660000000000e+08 3.576000000000000000e+11 1.528280000000000030e+02 9.440615199999999732e+02 9.763313600000000179e+02 2.696202700000000050e+02 3.781100000000000136e+02 2.509600000000000080e+02 1.851119999999999891e+03
6.378489580000000000e+08 5.408000000000000000e+11 1.754170000000000016e+02 9.460524900000000343e+02 9.704862100000000282e+02 2.678606899999999769e+02 -2.726700000000000159e+02 4.600099999999999909e+02 -5.425099999999999909e+02
6.378488930000000000e+08 3.140000000000000000e+11 1.463439999999999941e+02 9.506558800000000247e+02 9.741820099999999911e+02 2.683799700000000144e+02 -1.621460000000000036e+03 -6.036399999999999864e+02 2.161899999999999977e+02
6.378582430000000000e+08 3.140000000000000000e+11 1.463439999999999941e+02 9.520327099999999518e+02 9.734953000000000429e+02 2.673706099999999992e+02 -1.197099999999999909e+03 -1.011750000000000000e+03 -5.281200000000000045e+02
6.378489470000000000e+08 1.308000000000000000e+11 1.093050000000000068e+02 9.468533899999999903e+02 9.719135700000000497e+02 2.678877899999999954e+02 -2.674599999999999795e+02 -1.086599999999999966e+02 1.678039999999999964e+03
6.378490470000000000e+08 4.013000000000000000e+11 1.588040000000000020e+02 9.467323599999999715e+02 9.724156500000000278e+02 2.680461700000000178e+02 9.674500000000000455e+02 3.809929999999999836e+03 -2.403799999999999955e+02
6.378491310000000000e+08 3.315000000000000000e+11 1.490060000000000002e+02 9.460735499999999547e+02 9.718024299999999585e+02 2.674964899999999943e+02 1.244399999999999977e+02 -6.959900000000000091e+02 1.336130000000000109e+03
6.378487990000000000e+08 4.274000000000000000e+11 1.621839999999999975e+02 9.501749300000000176e+02 9.691256700000000137e+02 2.653115199999999732e+02 -1.523789999999999964e+03 5.419600000000000364e+02 2.648000000000000114e+02
6.378489030000000000e+08 3.925000000000000000e+11 1.576450000000000102e+02 9.474390300000000025e+02 9.717558000000000220e+02 2.693772900000000163e+02 -7.310299999999999727e+02 1.346460000000000036e+03 -1.957670000000000073e+03
6.378489100000000000e+08 3.489000000000000000e+11 1.515749999999999886e+02 9.502618999999999687e+02 9.734885900000000447e+02 2.669508700000000090e+02 -1.085329999999999927e+03 -1.237269999999999982e+03 5.496399999999999864e+02
6.378544610000000000e+08 2.966000000000000000e+11 1.435819999999999936e+02 9.503352700000000368e+02 9.677015999999999849e+02 2.681759299999999939e+02 -2.749200000000000159e+02 9.955499999999999545e+02 -5.822699999999999818e+02
6.378489460000000000e+08 4.274000000000000000e+11 1.621839999999999975e+02 9.477043499999999767e+02 9.725452900000000227e+02 2.679701800000000276e+02 -1.912100000000000080e+02 9.828799999999999955e+02 -1.555220000000000027e+03
6.378515630000000000e+08 2.617000000000000000e+11 1.377150000000000034e+02 9.480448599999999715e+02 9.670626800000000003e+02 2.682982799999999770e+02 1.210999999999999943e+01 1.109150000000000091e+03 -1.226099999999999909e+03
6.378610350000000000e+08 3.053000000000000000e+11 1.449770000000000039e+02 9.516761500000000069e+02 9.728473500000000058e+02 2.685401899999999955e+02 -1.374960000000000036e+03 -7.476499999999999773e+02 2.366899999999999977e+02
6.378488610000000000e+08 3.227000000000000000e+11 1.476870000000000118e+02 9.476192600000000539e+02 9.706251200000000381e+02 2.675416299999999978e+02 -3.194940000000000055e+03 -1.048499999999999943e+02 4.286299999999999955e+02
6.378489220000000000e+08 2.966000000000000000e+11 1.435819999999999936e+02 9.463249499999999443e+02 9.736090699999999742e+02 2.684651499999999942e+02 -9.456200000000000045e+02 -1.502319999999999936e+03 -1.466420000000000073e+03
6.378489140000000000e+08 3.576000000000000000e+11 1.528280000000000030e+02 9.478259299999999712e+02 9.695022000000000162e+02 2.670953099999999836e+02 -8.069700000000000273e+02 1.712099999999999909e+03 1.091730000000000018e+03
6.378595150000000000e+08 2.966000000000000000e+11 1.435819999999999936e+02 9.446462999999999965e+02 9.673406999999999698e+02 2.668160399999999868e+02 1.038990000000000009e+03 8.432300000000000182e+02 6.828000000000000114e+01
6.378488720000000000e+08 3.053000000000000000e+11 1.449770000000000039e+02 9.443460700000000543e+02 9.743484499999999571e+02 2.696914699999999812e+02 3.161000000000000227e+02 -1.398309999999999945e+03 4.762300000000000182e+02
6.378489340000000000e+08 3.664000000000000000e+11 1.540610000000000070e+02 9.471232899999999972e+02 9.728321499999999560e+02 2.687721599999999853e+02 2.199460000000000036e+03 2.270399999999999920e+02 -1.634859999999999900e+03
6.378491320000000000e+08 2.617000000000000000e+11 1.377150000000000034e+02 9.464132100000000491e+02 9.716129200000000310e+02 2.676423300000000154e+02 1.194000000000000057e+02 -8.133200000000000500e+02 1.949750000000000000e+03
6.378488230000000000e+08 3.576000000000000000e+11 1.528280000000000030e+02 9.488117700000000241e+02 9.725789200000000392e+02 2.682676999999999907e+02 -2.069480000000000018e+03 -1.747650000000000091e+03 -1.104839999999999918e+03
6.378488470000000000e+08 4.100000000000000000e+11 1.599459999999999980e+02 9.460305200000000241e+02 9.711451399999999694e+02 2.673162500000000250e+02 -2.022130000000000109e+03 -2.350699999999999932e+02 7.526399999999999864e+02
6.378488870000000000e+08 3.925000000000000000e+11 1.576450000000000102e+02 9.467616000000000440e+02 9.734664900000000216e+02 2.689608499999999935e+02 1.672490000000000009e+03 -4.549499999999999886e+02 -1.314359999999999900e+03
6.378491470000000000e+08 4.013000000000000000e+11 1.588040000000000020e+02 9.479969499999999698e+02 9.705405299999999897e+02 2.696901899999999728e+02 7.017100000000000364e+02 1.341750000000000000e+03 2.554210000000000036e+03
6.378488150000000000e+08 2.530000000000000000e+11 1.361680000000000064e+02 9.470485800000000154e+02 9.686025399999999763e+02 2.673172299999999950e+02 -6.624099999999999682e+02 1.400500000000000000e+03 6.961900000000000546e+02
6.378488240000000000e+08 4.536000000000000000e+11 1.654279999999999973e+02 9.473930100000000039e+02 9.712746600000000399e+02 2.682692900000000122e+02 1.105250000000000000e+03 1.763029999999999973e+03 -3.770600000000000023e+02
6.378488750000000000e+08 2.617000000000000000e+11 1.377150000000000034e+02 9.452944899999999961e+02 9.751760299999999688e+02 2.701253699999999753e+02 8.634700000000000273e+02 -2.617400000000000091e+02 1.113589999999999918e+03
6.378489330000000000e+08 2.268000000000000000e+11 1.313000000000000114e+02 9.469865099999999529e+02 9.721461199999999963e+02 2.690980799999999817e+02 2.084840000000000146e+03 -1.926400000000000091e+03 7.814000000000000057e+01
6.378489370000000000e+08 2.879000000000000000e+11 1.421610000000000014e+02 9.464844399999999496e+02 9.739112499999999955e+02 2.670589899999999943e+02 1.370769999999999982e+03 -1.594300000000000068e+02 -2.196550000000000182e+03
6.378489640000000000e+08 3.576000000000000000e+11 1.528280000000000030e+02 9.471237200000000485e+02 9.719376200000000381e+02 2.677397500000000150e+02 9.979500000000000455e+02 1.920289999999999964e+03 -6.623200000000000500e+02
6.378490550000000000e+08 3.402000000000000000e+11 1.503009999999999877e+02 9.480341799999999921e+02 9.716960400000000391e+02 2.694526399999999740e+02 9.770999999999999375e+01 -3.039100000000000250e+02 7.853400000000000318e+02
6.378491000000000000e+08 2.530000000000000000e+11 1.361680000000000064e+02 9.447257100000000491e+02 9.746779199999999719e+02 2.690987200000000144e+02 1.273190000000000055e+03 -2.991100000000000136e+02 5.088700000000000045e+02
6.378567600000000000e+08 2.443000000000000000e+11 1.345840000000000032e+02 9.521526499999999942e+02 9.737412699999999859e+02 2.663524199999999951e+02 -1.562430000000000064e+03 1.719399999999999977e+02 -5.234000000000000341e+01
6.378488200000000000e+08 3.053000000000000000e+11 1.449770000000000039e+02 9.473694500000000289e+02 9.718495500000000220e+02 2.687847899999999868e+02 -2.715199999999999818e+03 -2.608559999999999945e+03 4.016600000000000250e+02
6.378488490000000000e+08 2.879000000000000000e+11 1.421610000000000014e+02 9.442504300000000512e+02 9.741129200000000310e+02 2.685153799999999933e+02 5.822699999999999818e+02 -4.451100000000000136e+02 -2.027019999999999982e+03
6.378489040000000000e+08 2.617000000000000000e+11 1.377150000000000034e+02 9.475531600000000481e+02 9.719958500000000186e+02 2.694374099999999999e+02 -7.403099999999999454e+02 2.337760000000000218e+03 -1.213410000000000082e+03
6.378489120000000000e+08 2.879000000000000000e+11 1.421610000000000014e+02 9.467609899999999925e+02 9.718102400000000216e+02 2.674792499999999791e+02 -1.819399999999999977e+02 1.129230000000000018e+03 7.521000000000000227e+02
6.378489160000000000e+08 3.140000000000000000e+11 1.463439999999999941e+02 9.487874100000000226e+02 9.727251599999999598e+02 2.670083599999999819e+02 -1.643130000000000109e+03 1.637809999999999945e+03 -5.191699999999999591e+02
6.378489250000000000e+08 2.966000000000000000e+11 1.435819999999999936e+02 9.467152099999999564e+02 9.726271400000000540e+02 2.695338699999999790e+02 -1.276200000000000045e+02 -2.444139999999999873e+03 -7.707799999999999727e+02
6.378488590000000000e+08 2.268000000000000000e+11 1.313000000000000114e+02 9.444644200000000183e+02 9.762962599999999611e+02 2.671517600000000243e+02 2.099999999999999922e-01 -1.139589999999999918e+03 9.416799999999999500e+02
6.378491480000000000e+08 2.530000000000000000e+11 1.361680000000000064e+02 9.480652499999999918e+02 9.707321200000000090e+02 2.698044699999999807e+02 4.467599999999999909e+02 1.271099999999999909e+03 2.728380000000000109e+03
6.378488600000000000e+08 3.489000000000000000e+11 1.515749999999999886e+02 9.467200299999999515e+02 9.711055900000000065e+02 2.694987199999999916e+02 -9.043700000000000045e+02 9.162799999999999727e+02 1.570750000000000000e+03
6.378616980000000000e+08 2.094000000000000000e+11 1.278439999999999941e+02 9.493287400000000389e+02 9.755507199999999557e+02 2.673644100000000208e+02 -7.653899999999999864e+02 -1.091750000000000000e+03 9.963899999999999864e+02
6.378488000000000000e+08 1.745000000000000000e+11 1.203050000000000068e+02 9.498786000000000058e+02 9.680009199999999510e+02 2.670492199999999912e+02 -2.997799999999999727e+02 1.291849999999999909e+03 -8.959600000000000364e+02
6.378488280000000000e+08 2.530000000000000000e+11 1.361680000000000064e+02 9.469740000000000464e+02 9.712377900000000182e+02 2.689260899999999879e+02 -3.615139999999999873e+03 -7.984000000000000341e+01 2.055699999999999932e+02
6.378492090000000000e+08 1.919000000000000000e+11 1.241889999999999930e+02 9.429653299999999945e+02 9.761720000000000255e+02 2.688244000000000256e+02 2.661299999999999955e+02 -9.721399999999999864e+02 1.284210000000000036e+03
6.378488090000000000e+08 1.919000000000000000e+11 1.241889999999999930e+02 9.479026499999999942e+02 9.684074699999999893e+02 2.657755399999999781e+02 1.000320000000000050e+03 1.063150000000000091e+03 6.009600000000000364e+02
6.378488710000000000e+08 2.094000000000000000e+11 1.278439999999999941e+02 9.456036400000000413e+02 9.757880900000000111e+02 2.693823499999999740e+02 2.557500000000000000e+02 -1.166680000000000064e+03 9.313700000000000045e+02
6.378488850000000000e+08 2.617000000000000000e+11 1.377150000000000034e+02 9.482189899999999625e+02 9.727132000000000289e+02 2.691780999999999722e+02 6.761599999999999682e+02 -1.975869999999999891e+03 -1.386700000000000045e+03
6.378489000000000000e+08 2.530000000000000000e+11 1.361680000000000064e+02 9.486230500000000347e+02 9.696419700000000148e+02 2.678424099999999726e+02 -5.707999999999999545e+02 1.786269999999999982e+03 -1.387190000000000055e+03
6.378490660000000000e+08 2.094000000000000000e+11 1.278439999999999941e+02 9.492492099999999482e+02 9.711322000000000116e+02 2.676677199999999743e+02 -5.396000000000000085e+01 1.147569999999999936e+03 2.304900000000000091e+03
6.378490940000000000e+08 1.919000000000000000e+11 1.241889999999999930e+02 9.462738600000000133e+02 9.733332500000000209e+02 2.685891700000000242e+02 1.669490000000000009e+03 -9.238200000000000500e+02 2.041000000000000000e+03
6.378489230000000000e+08 2.094000000000000000e+11 1.278439999999999941e+02 9.463276399999999740e+02 9.740958299999999781e+02 2.682993200000000229e+02 -9.749400000000000546e+02 -1.284549999999999955e+03 -1.042009999999999991e+03
6.378489480000000000e+08 3.227000000000000000e+11 1.476870000000000118e+02 9.463073100000000295e+02 9.731079099999999471e+02 2.667719999999999914e+02 2.226299999999999955e+02 -1.592299999999999955e+03 3.475999999999999801e+01
6.378490640000000000e+08 3.140000000000000000e+11 1.463439999999999941e+02 9.471082800000000361e+02 9.718248300000000199e+02 2.656261600000000271e+02 1.657500000000000000e+02 -6.030800000000000409e+02 2.315840000000000146e+03
6.378491380000000000e+08 2.443000000000000000e+11 1.345840000000000032e+02 9.466907300000000305e+02 9.721938499999999976e+02 2.681269199999999842e+02 -1.165000000000000000e+02 5.165299999999999727e+02 8.394700000000000273e+02
6.378492640000000000e+08 2.006000000000000000e+11 1.260430000000000064e+02 9.432849700000000439e+02 9.765952800000000025e+02 2.688281900000000064e+02 1.525300000000000011e+02 5.517100000000000364e+02 1.300880000000000109e+03
6.378488550000000000e+08 2.006000000000000000e+11 1.260430000000000064e+02 9.436174300000000130e+02 9.754515999999999849e+02 2.679533700000000067e+02 3.525500000000000114e+02 -5.477500000000000000e+02 4.057999999999999829e+01
6.378488560000000000e+08 6.978000000000000000e+10 8.864199999999999591e+01 9.435483400000000529e+02 9.765145300000000361e+02 2.678996300000000019e+02 4.413600000000000136e+02 -2.452440000000000055e+03 -1.873000000000000043e+01
6.378488900000000000e+08 2.355000000000000000e+11 1.329629999999999939e+02 9.470078700000000254e+02 9.726375699999999824e+02 2.680097999999999843e+02 2.849150000000000091e+03 -3.566200000000000045e+02 -4.741700000000000159e+02
6.378489300000000000e+08 2.355000000000000000e+11 1.329629999999999939e+02 9.466366000000000440e+02 9.722159400000000460e+02 2.690087300000000141e+02 -8.320000000000000000e+02 6.951999999999999602e+01 -2.290059999999999945e+03
6.378489420000000000e+08 2.704000000000000000e+11 1.392290000000000134e+02 9.467302899999999681e+02 9.740856300000000374e+02 2.694293200000000184e+02 1.210400000000000063e+02 3.408299999999999841e+02 -1.481690000000000055e+03
6.378489520000000000e+08 2.443000000000000000e+11 1.345840000000000032e+02 9.466632700000000114e+02 9.719385999999999513e+02 2.676312599999999975e+02 1.988339999999999918e+03 -6.233899999999999864e+02 1.390700000000000045e+03
6.378490930000000000e+08 1.570000000000000000e+11 1.161539999999999964e+02 9.456074200000000474e+02 9.745578600000000051e+02 2.691788300000000049e+02 -3.904200000000000159e+02 -1.497599999999999909e+03 1.562039999999999964e+03
6.378491040000000000e+08 1.832000000000000000e+11 1.222780000000000058e+02 9.457600099999999657e+02 9.754165000000000418e+02 2.695907300000000077e+02 5.651699999999999591e+02 -5.483700000000000045e+02 1.372029999999999973e+03
6.378489070000000000e+08 2.094000000000000000e+11 1.278439999999999941e+02 9.480625599999999622e+02 9.731729699999999639e+02 2.674470800000000281e+02 4.139200000000000159e+02 -1.092199999999999989e+02 1.022509999999999991e+03
6.378491340000000000e+08 2.268000000000000000e+11 1.313000000000000114e+02 9.460101300000000037e+02 9.716527099999999564e+02 2.680773300000000177e+02 -1.614359999999999900e+03 -7.409299999999999500e+02 5.302599999999999909e+02
6.378489310000000000e+08 2.094000000000000000e+11 1.278439999999999941e+02 9.453718900000000076e+02 9.724708900000000540e+02 2.695989700000000084e+02 7.336499999999999773e+02 -9.104999999999999716e+01 -1.947630000000000109e+03
6.378489380000000000e+08 2.355000000000000000e+11 1.329629999999999939e+02 9.466665600000000040e+02 9.723412499999999454e+02 2.696006199999999922e+02 2.324199999999999875e+02 1.702599999999999909e+03 -3.318299999999999841e+02
6.378489490000000000e+08 3.053000000000000000e+11 1.449770000000000039e+02 9.476770599999999831e+02 9.718439899999999625e+02 2.662416699999999992e+02 1.411259999999999991e+03 -6.607300000000000182e+02 3.811600000000000250e+02
6.378489570000000000e+08 2.181000000000000000e+11 1.295949999999999989e+02 9.478925799999999526e+02 9.720212400000000343e+02 2.679660299999999893e+02 -1.153100000000000023e+02 3.107699999999999818e+02 7.619400000000000546e+02
6.378490850000000000e+08 1.657000000000000000e+11 1.182660000000000053e+02 9.463231799999999794e+02 9.740905199999999695e+02 2.701913799999999810e+02 -2.241299999999999955e+02 -1.548819999999999936e+03 -1.080000000000000071e+01
6.378589180000000000e+08 5.932000000000000000e+11 1.811839999999999975e+02 9.466754799999999932e+02 9.720818500000000313e+02 2.674159200000000283e+02 -1.396710000000000036e+03 -7.445099999999999909e+02 -3.211019999999999982e+03
6.378489280000000000e+08 1.745000000000000000e+11 1.203050000000000068e+02 9.471540499999999838e+02 9.718511999999999489e+02 2.682661699999999882e+02 -2.336119999999999891e+03 4.671299999999999955e+02 -9.379900000000000091e+02
6.378489440000000000e+08 2.094000000000000000e+11 1.278439999999999941e+02 9.464679599999999482e+02 9.729053300000000490e+02 2.678618799999999851e+02 2.801100000000000136e+02 3.093600000000000136e+02 -1.400619999999999891e+03
6.378488140000000000e+08 1.570000000000000000e+11 1.161539999999999964e+02 9.477140500000000429e+02 9.684047199999999975e+02 2.670720499999999902e+02 -1.020740000000000009e+03 1.376440000000000055e+03 8.351399999999999864e+02
6.378488450000000000e+08 2.355000000000000000e+11 1.329629999999999939e+02 9.459282200000000103e+02 9.711511199999999917e+02 2.685877699999999777e+02 -1.206589999999999918e+03 7.805199999999999818e+02 -1.426250000000000000e+03
6.378569840000000000e+08 1.308000000000000000e+11 1.093050000000000068e+02 9.492477999999999838e+02 9.670635399999999890e+02 2.666528599999999756e+02 -1.152600000000000051e+02 1.359490000000000009e+03 -5.276100000000000136e+02
6.378488530000000000e+08 1.396000000000000000e+11 1.116820000000000022e+02 9.445743400000000065e+02 9.754417099999999436e+02 2.701535900000000083e+02 1.469900000000000091e+02 2.565400000000000205e+02 -2.218639999999999873e+03
6.378488730000000000e+08 1.832000000000000000e+11 1.222780000000000058e+02 9.452282099999999900e+02 9.751462400000000343e+02 2.694028599999999756e+02 -6.965999999999999659e+01 -1.718140000000000100e+03 3.912400000000000091e+02
6.378488760000000000e+08 1.919000000000000000e+11 1.241889999999999930e+02 9.472431000000000267e+02 9.721368400000000065e+02 2.677218899999999735e+02 -3.639349999999999909e+03 1.497279999999999973e+03 1.971940000000000055e+03
6.378489240000000000e+08 1.919000000000000000e+11 1.241889999999999930e+02 9.466210899999999810e+02 9.730483400000000529e+02 2.682147499999999809e+02 -2.611299999999999955e+02 7.901900000000000546e+02 -1.003580000000000041e+03
6.378491330000000000e+08 1.221000000000000000e+11 1.068199999999999932e+02 9.469208999999999605e+02 9.718606600000000526e+02 2.679458300000000008e+02 1.451799999999999955e+03 1.828750000000000000e+03 2.679929999999999836e+03
6.378488480000000000e+08 1.134000000000000000e+11 1.042129999999999939e+02 9.461909799999999677e+02 9.716150499999999965e+02 2.683120999999999867e+02 -2.192199999999999818e+03 7.367999999999999545e+02 5.931000000000000227e+01
6.378488840000000000e+08 1.657000000000000000e+11 1.182660000000000053e+02 9.475116000000000440e+02 9.721080299999999852e+02 2.680489799999999718e+02 2.447210000000000036e+03 -1.595000000000000000e+02 -1.989720000000000027e+03
6.378490530000000000e+08 2.006000000000000000e+11 1.260430000000000064e+02 9.485633500000000140e+02 9.718363600000000133e+02 2.701229900000000157e+02 -1.500509999999999991e+03 -2.406399999999999864e+02 -2.908700000000000045e+02
6.378491550000000000e+08 1.745000000000000000e+11 1.203050000000000068e+02 9.463470499999999674e+02 9.721209700000000566e+02 2.681359600000000114e+02 -2.155460000000000036e+03 2.699260000000000218e+03 1.073960000000000036e+03
6.378488380000000000e+08 2.006000000000000000e+11 1.260430000000000064e+02 9.486646100000000388e+02 9.718651700000000346e+02 2.678080699999999865e+02 -3.221880000000000109e+03 4.536700000000000159e+02 -1.040000000000000000e+03
6.378544620000000000e+08 1.396000000000000000e+11 1.116820000000000022e+02 9.508962400000000343e+02 9.678119500000000244e+02 2.683263900000000035e+02 1.467599999999999909e+02 1.187509999999999991e+03 -5.368200000000000500e+02
6.378488860000000000e+08 1.832000000000000000e+11 1.222780000000000058e+02 9.481747400000000425e+02 9.723450900000000274e+02 2.696312300000000164e+02 -1.892299999999999898e+02 5.649500000000000455e+02 -4.835199999999999818e+02
6.378489590000000000e+08 1.657000000000000000e+11 1.182660000000000053e+02 9.459804699999999684e+02 9.721325100000000248e+02 2.687599500000000035e+02 1.026500000000000057e+02 -2.617900000000000205e+02 2.883299999999999841e+02
6.378490450000000000e+08 2.443000000000000000e+11 1.345840000000000032e+02 9.458147000000000162e+02 9.716765100000000075e+02 2.673917500000000018e+02 -1.930099999999999909e+02 -1.184029999999999973e+03 1.800900000000000034e+02
6.378489320000000000e+08 8.723000000000000000e+10 9.548600000000000421e+01 9.476411100000000260e+02 9.717539699999999812e+02 2.693095700000000079e+02 2.000079999999999927e+03 -1.461009999999999991e+03 -1.763309999999999945e+03
6.378490510000000000e+08 1.483000000000000000e+11 1.139609999999999985e+02 9.492909499999999525e+02 9.718058499999999640e+02 2.699536400000000071e+02 -1.178660000000000082e+03 -2.868199999999999932e+02 1.203799999999999955e+02
6.378567590000000000e+08 8.723000000000000000e+10 9.548600000000000421e+01 9.521805399999999509e+02 9.740989399999999705e+02 2.679689599999999814e+02 -1.464049999999999955e+03 -3.840400000000000205e+02 -1.036509999999999991e+03
6.378488820000000000e+08 1.134000000000000000e+11 1.042129999999999939e+02 9.476405600000000504e+02 9.733817099999999982e+02 2.690570099999999911e+02 9.680900000000000318e+02 2.086599999999999966e+02 -2.841139999999999873e+03
6.378488830000000000e+08 2.704000000000000000e+11 1.392290000000000134e+02 9.478779299999999921e+02 9.719836400000000367e+02 2.675524899999999775e+02 8.931699999999999591e+02 1.235000000000000000e+02 -3.832420000000000073e+03
6.378489190000000000e+08 1.832000000000000000e+11 1.222780000000000058e+02 9.468443600000000515e+02 9.742551899999999705e+02 2.683401499999999942e+02 5.743099999999999454e+02 -5.059499999999999886e+02 -2.651519999999999982e+03
6.378490750000000000e+08 2.181000000000000000e+11 1.295949999999999989e+02 9.477763700000000426e+02 9.729531899999999496e+02 2.674509300000000280e+02 -2.694999999999999929e+01 1.843930000000000064e+03 2.090230000000000018e+03
6.378490680000000000e+08 1.745000000000000000e+11 1.203050000000000068e+02 9.489642900000000054e+02 9.715048199999999952e+02 2.686042800000000170e+02 -8.249299999999999500e+02 9.614500000000000455e+02 2.615949999999999818e+03
6.378487890000000000e+08 7.851000000000000000e+10 9.219100000000000250e+01 9.490372899999999845e+02 9.680054900000000089e+02 2.682839999999999918e+02 -1.376619999999999891e+03 9.754500000000000455e+02 -1.046230000000000018e+03
6.378487920000000000e+08 6.106000000000000000e+10 8.478300000000000125e+01 9.494294999999999618e+02 9.689661300000000210e+02 2.664421399999999949e+02 -1.845130000000000109e+03 6.310099999999999909e+02 2.110200000000000102e+02
6.378490580000000000e+08 1.134000000000000000e+11 1.042129999999999939e+02 9.471332400000000007e+02 9.722321799999999712e+02 2.680554200000000264e+02 -1.210240000000000009e+03 -1.783039999999999964e+03 2.424300000000000182e+03
6.378488220000000000e+08 1.221000000000000000e+11 1.068199999999999932e+02 9.492132000000000289e+02 9.696083999999999605e+02 2.673565399999999954e+02 -3.875899999999999750e+02 4.971200000000000045e+02 1.799160000000000082e+03
6.378489290000000000e+08 1.483000000000000000e+11 1.139609999999999985e+02 9.472137500000000045e+02 9.725576800000000048e+02 2.683142100000000028e+02 -3.624900000000000091e+02 1.146630000000000109e+03 -5.262100000000000364e+02
6.378544590000000000e+08 6.978000000000000000e+10 8.864199999999999591e+01 9.503751800000000003e+02 9.672183800000000247e+02 2.688284300000000258e+02 -8.657999999999999829e+01 1.122950000000000045e+03 -5.317400000000000091e+02
6.378488300000000000e+08 1.657000000000000000e+11 1.182660000000000053e+02 9.465883199999999533e+02 9.711974500000000035e+02 2.689025300000000129e+02 -3.040320000000000164e+03 9.169800000000000182e+02 4.978999999999999915e+01
6.378489200000000000e+08 4.361000000000000000e+10 7.578799999999999670e+01 9.475966200000000299e+02 9.735684800000000223e+02 2.671096200000000067e+02 2.316100000000000136e+02 -6.872400000000000091e+02 -2.458769999999999982e+03
6.378633450000000000e+08 1.919000000000000000e+11 1.241889999999999930e+02 9.485907600000000457e+02 9.701101099999999633e+02 2.697997700000000236e+02 7.883600000000000136e+02 9.538700000000000045e+02 1.776109999999999900e+03
